The rows of the array:
70	68	66	64	62	60	58	
56	54	52	50	48	46	44	
42	40	38	36	34	32	30	
28	26	24	22	20	18	16	
14	12	10	8	6	4	2	

The columns of the array:
70	56	42	28	14	
68	54	40	26	12	
66	52	38	24	10	
64	50	36	22	8	
62	48	34	20	6	
60	46	32	18	4	
58	44	30	16	2	
